EDU>> [matches_288288, scores_288288] = vl_ubcmatch(asift_620', asift_288') ;
EDU>> scores_288288

scores_288288 =

   1.0e+05 *

  Columns 1 through 11

    0.7931    0.6832    0.1493    0.2004    0.9812    0.0757    0.1542    1.1713    0.9224    0.8128    0.1876

  Columns 12 through 16

    0.3725    1.1645    0.0911    0.7071    0.1684

EDU>> [matches_288288, scores_288288] = vl_ubcmatch(asift_280', asift_288') ;
関数または変数 'asift_280' が未定義です。
 
EDU>> [matches_288288, scores_288288] = vl_ubcmatch(asift_620', asift_612_128d') ;
EDU>> scores_288288

scores_288288 =

   1.0e+05 *

  Columns 1 through 11

    0.0627    0.0209    0.0853    0.1796    0.7044    0.9982    0.5928    0.2800    0.8334    0.0040    0.0316

  Columns 12 through 22

    0.2142    0.1586    0.0580    0.2731    0.2053    0.2763    0.0481    0.6722    1.2199    0.0035    0.2483

  Columns 23 through 33

    0.1064    0.1445    0.1398    1.0802    0.2459    0.7457    1.0608    0.2315    0.7796    0.0146    0.3800

  Columns 34 through 44

    0.0236    0.0089    0.1655    0.2486    0.0328    0.7220    0.3213    0.0151    0.1144    1.4265    0.0619

  Columns 45 through 55

    0.0238    0.0355    0.0534    0.4478    0.2411    0.3566    0.0359    0.0419    0.0293    0.0086    0.6708

  Columns 56 through 66

    0.6644    0.0036    0.0305    0.4086    0.5083    0.1401    0.1249    0.1997    0.3554    0.0309    0.2297

  Columns 67 through 77

    0.2725    0.2578    0.2577    0.1910    0.1309    0.2757    0.3818    0.1344    0.1969    0.1232    0.3033

  Columns 78 through 88

    0.0171    0.0516    0.0650    0.3152    0.3888    0.1014    0.1069    0.5857    0.4485    0.5629    0.1911

  Columns 89 through 99

    0.1861    0.0975    0.5716    0.2030    0.3266    0.4224    0.4888    0.1302    0.3205    0.0125    0.0277

  Columns 100 through 110

    0.1717    0.0050    0.0510    0.0342    0.0171    0.0266    0.1129    0.6082    0.2104    0.0847    0.5417

  Columns 111 through 121

    0.1860    0.1241    0.2684    0.1786    0.4927    0.0047    0.0390    0.0573    0.3070    0.4321    0.8087

  Columns 122 through 126

    0.2143    0.7548    0.4444    0.2065    1.1226

EDU>> matches_288288

matches_288288 =

  Columns 1 through 19

     9    16    17    18    24    29    31    41    42    43    48    59    68    69    75    76    80    82    87
     8    12    15    14    49    21    66    28    21    27    33    36    39    44    18    97    41    43   144

  Columns 20 through 38

    93   103   109   110   118   119   121   125   127   128   132   136   139   141   142   144   145   146   151
    69    60    63    64    55    65   195    66    69   165   148    69    78   180     8   114    83    14    86

  Columns 39 through 57

   159   160   162   171   186   190   191   193   197   205   215   216   222   223   224   226   238   239   240
    21    89    31    92    69    97    86    98    48    58    63   105     5    79    80   114    18    49   125

  Columns 58 through 76

   241   248   249   254   256   260   261   275   278   279   280   281   282   284   286   288   290   298   301
   127   164   130   132   133   134   135    79   141   142   143   144   145   147   148   149   150   151    79

  Columns 77 through 95

   310   316   317   319   321   322   324   325   328   329   333   334   337   348   352   353   355   356   357
    18   164   165   166   168    49   170   171   130   173   135   176   177    79    55   182   184   115   224

  Columns 96 through 114

   359   366   370   373   381   385   387   388   389   390   391   392   394   395   396   400   402   403   404
   185   105   188   191   195   108   201   202   203   204   206    17   207   208    39    36   209   210   211

  Columns 115 through 126

   405   421   422   423   424   426   428   430   431   432   433   442
   212   216    62   218   219   220   195   223   207   224   226    63

EDU>> size(asift_620)

ans =

   443   128

EDU>> 126/443*100

ans =

   28.4424

EDU>> size(asift_620,1)

ans =

   443

EDU>> size(asift_620,1)/443*100

ans =

   100

EDU>> size(scores_,2)/ size(asift_620,1)*100
関数または変数 'scores_' が未定義です。
 
EDU>> size(scores_288288,2)/ size(asift_620,1)*100

ans =

   28.4424

EDU>> size(scores_612612,2)/ size(asift_612_128d,1)*100
関数または変数 'scores_612612' が未定義です。
 
EDU>> size(scores_asift620620,2)/ size(asift_620,1)*100

ans =

   28.8939

EDU>> size(scores_asift620620,2)

ans =

   128

EDU>> size(scores_asift620620,1)

ans =

     1

EDU>> [matches_620620, scores_620620] = vl_ubcmatch(asift_620', asift_620') ;
EDU>> size(scores_asift620620,1)

ans =

     1

EDU>> size(scores_asift620620,2)

ans =

   128

EDU>> size(scores_asift620620,1)

ans =

     1

EDU>> size(scores_asift620620,2)

ans =

   128

EDU>> [matches_620620, scores_620620] = vl_ubcmatch(asift_620, asift_620) ;
EDU>> size(scores_asift620620,2)

ans =

   128

EDU>> size(asift_620)

ans =

   443   128

EDU>> size(scores_620620,2)

ans =

   128

EDU>> [matches_620620, scores_620620] = vl_ubcmatch(asift_620', asift_620') ;
EDU>> size(scores_620620,2)

ans =

   443

EDU>> size(scores_620620,2)/ size(asift_620,1)*100

ans =

   100